qq <-
structure(list(`600030.SS.Open` = c(9.43667, 9.09333, 9.15333, 
10.1933, 10, 11.0333), `600030.SS.High` = c(9.93333, 9.48333, 
9.4, 10.1933, 10.81, 11.1467), `600030.SS.Low` = c(9.06667, 8.93333, 
8.72333, 9.6, 9.83333, 10.6667), `600030.SS.Close` = c(9.23333, 
9.15, 9.26667, 9.82667, 10.81, 10.8633), `600030.SS.Volume` = c(136272600, 
86838963, 95185863, 128227038, 161770863, 96602202), `600030.SS.Adjusted` = c(7.007491, 
6.944251, 7.032794, 7.457797, 8.204082, 8.244532)), row.names = c("2007-01-04", 
"2007-01-05", "2007-01-08", "2007-01-09", "2007-01-10", "2007-01-11"
), class = "data.frame")
